-2.000000000000000000e+01 -2.424647296137047547e+00 -1.386352369613476299e+00 -3.461582526263375925e-01 7.007632746289093051e-01 1.753152983709481694e+00 2.788171062033770742e+00 2.812430615557557800e+00 3.798675819868763792e+00 3.877377852343444342e+00 4.808660768052887668e+00
-1.900000000000000000e+01 -2.066207647050526397e+00 -1.033529542463228923e+00 1.165035157901378200e-03 1.041975697477231178e+00 2.087846144936882364e+00 2.824503651083000388e+00 3.140015935504599565e+00 3.833839249051621323e+00 4.197435655460759030e+00 4.842888537723217368e+00
-1.800000000000000000e+01 -1.717850069424944559e+00 -6.903002337502507357e-01 3.393075385604829575e-01 1.374417503443807309e+00 2.414161498106390358e+00 2.862189704897234677e+00 3.459615854105752231e+00 3.870452206534984896e+00 4.509888526085608973e+00 4.878618334422201386e+00
-1.700000000000000000e+01 -1.380375910471373757e+00 -3.574631941794285117e-01 6.674807582780845072e-01 1.697316043761464277e+00 2.731345523120533247e+00 2.901532918652258708e+00 3.770500041536717362e+00 3.908809000966318337e+00 4.814030175566186287e+00 4.916142408174403400e+00
-1.600000000000000000e+01 -1.054650402320418179e+00 -3.588434912261379006e-02 9.848269621257553785e-01 2.009828080385403837e+00 2.942857595562835993e+00 3.038582481419870973e+00 3.949227846584223656e+00 4.071873739336787423e+00 4.955766998519166577e+00 5.109091558992498783e+00
-1.500000000000000000e+01 -7.415988031870426322e-01 2.735064431840991683e-01 1.290421728143929414e+00 2.311041574267862497e+00 2.986539361100775558e+00 3.334962892179363259e+00 3.992070952013950347e+00 4.362856276886777351e+00 4.997861556852986276e+00 5.173300369162890711e+00
-1.400000000000000000e+01 -4.421964862502384408e-01 5.697246294378651710e-01 1.583282344678090370e+00 2.599983122113391332e+00 3.032948935010161051e+00 3.619540063633346350e+00 4.037707365224078693e+00 4.642517700811036541e+00 5.042786833490469078e+00 5.215536686730361637e+00
-1.300000000000000000e+01 -1.574501969444691563e-01 8.517489977888672570e-01 1.862384871393026442e+00 2.875633821511978994e+00 3.082478711582539166e+00 3.891305458714049426e+00 4.086523186407400310e+00 4.909869356762288639e+00 5.090926765535560783e+00 5.259358256930559250e+00
-1.200000000000000000e+01 1.116327225992563843e-01 1.118551767249797768e+00 2.126693147280535268e+00 3.135506438461859169e+00 3.136956856954914663e+00 4.138892488239531708e+00 4.149229314813768887e+00 5.142654236878074769e+00 5.163895716462913121e+00 5.304931562713681714e+00
-1.100000000000000000e+01 3.640901160084943911e-01 1.369143805297073024e+00 2.375202909828178832e+00 3.192363966424191624e+00 3.382940042823984861e+00 4.195145344057425341e+00 4.392299499987957212e+00 5.198299795291378089e+00 5.352413864002454780e+00 5.403591955054150908e+00
-1.000000000000000000e+01 5.990672369459673074e-01 1.602636576297584048e+00 2.607002805236539267e+00 3.253292135887544845e+00 3.612655287587311470e+00 4.255522855092471524e+00 4.619578784112293057e+00 5.258107154106690828e+00 5.401943238768287969e+00 5.628018666903898293e+00
-9.000000000000000000e+00 8.158933212677528246e-01 1.818318961247453069e+00 2.821350714438629836e+00 3.318385715197468055e+00 3.825333740565015628e+00 4.320122018230723171e+00 4.830278087339947568e+00 5.322178277238635680e+00 5.453625904356264265e+00 5.836372557441811715e+00
-8.000000000000000000e+00 1.014164769862189175e+00 2.015741467070167658e+00 3.017758274560203180e+00 3.387535938873758923e+00 4.020449977659859009e+00 4.388837768299972630e+00 5.023839555741434815e+00 5.390415153231465695e+00 5.507521363159282757e+00 6.028067623774767014e+00
-7.000000000000000000e+00 1.193820717663775621e+00 2.194793764235266842e+00 3.196069856190735248e+00 3.460383836239216748e+00 4.197801981186300324e+00 4.461315269972986108e+00 5.200016866070209076e+00 5.462471126227050888e+00 5.563626401975166225e+00 6.202815041670553420e+00
-6.000000000000000000e+00 1.355192529296504578e+00 2.355757008227003180e+00 3.356517535859510293e+00 3.536300776454953443e+00 4.357568718811120512e+00 4.536928975785519569e+00 5.358935037064012086e+00 5.537728295510413901e+00 5.621859728216989538e+00 6.360684731441480722e+00
-5.000000000000000000e+00 1.499010594379126093e+00 2.499313885477738140e+00 3.499734672782192302e+00 3.614409811315736576e+00 4.500327699614514287e+00 4.614802399373690633e+00 5.501112065381111194e+00 5.615315272557153570e+00 5.682049742496897871e+00 6.502131065842322144e+00
-4.000000000000000000e+00 1.626361337085820313e+00 2.626508600631044299e+00 3.626719568966154217e+00 3.693651142740690840e+00 4.627023186474203520e+00 4.693872479135202447e+00 5.627432296278196411e+00 5.694169813458919371e+00 5.743928325855211625e+00 6.627971935400509551e+00
-3.000000000000000000e+00 1.738601518756344166e+00 2.738663201430283411e+00 3.738754739689112760e+00 3.772880834354725543e+00 4.738889495979200284e+00 4.772988110186847877e+00 5.739074708702563754e+00 5.773136565353487626e+00 5.807133241704627302e+00 6.739322974249693843e+00
-2.000000000000000000e+00 1.837248901790546007e+00 2.837268955664680625e+00 3.837299903620282393e+00 3.850980785007633855e+00 4.837346598914203710e+00 4.851020959651431319e+00 5.837412153383246149e+00 5.851078354103015577e+00 5.871220633019469837e+00 6.837501530993395527e+00
-1.000000000000000000e+00 1.923872370855143732e+00 2.923875975462362664e+00 3.923881787442724978e+00 3.926955740312688015e+00 4.923890796374025491e+00 4.926964018542544288e+00 5.923903734980174640e+00 5.926976258539213838e+00 5.935687254857611173e+00 6.923921696074349263e+00
0.000000000000000000e+00 1.999999999999993339e+00 2.999999999999976019e+00 3.999999999999976019e+00 3.999999999999979572e+00 4.999999999999981348e+00 5.000000000000007994e+00 5.999999999999973355e+00 5.999999999999992006e+00 6.000000000000007105e+00 7.000000000000008882e+00
1.000000000000000000e+00 2.067054355358423745e+00 3.067056122509860039e+00 4.067059291748682526e+00 4.069527774655870900e+00 5.067064523186970426e+00 5.069533048326541724e+00 6.063628634886121027e+00 6.067072431260068122e+00 6.069541483039444074e+00 7.063639665111796972e+00
2.000000000000000000e+00 2.126315548799975197e+00 3.126320354265208934e+00 4.126329559647877510e+00 4.135171208122507380e+00 5.126345332504293140e+00 5.135187525768419192e+00 6.126077030468506379e+00 6.126369887856498941e+00 6.135214843565329979e+00 7.126113926562338108e+00
3.000000000000000000e+00 2.178907085329920168e+00 3.178914263729087253e+00 4.178929123428889447e+00 4.196755725910829682e+00 5.178955689359760584e+00 5.196783540548708835e+00 6.178998372550828400e+00 6.186908819681687710e+00 6.196832555507207907e+00 7.179062883486625246e+00
4.000000000000000000e+00 2.225797628828642072e+00 3.225805861906120064e+00 4.225824557198603060e+00 4.254263461522432621e+00 5.225859657854527995e+00 5.254300127632814288e+00 6.225918082607714510e+00 6.245764638034855487e+00 6.254368623069242794e+00 7.226008685586161384e+00
5.000000000000000000e+00 2.267812274476417311e+00 3.267820284246498286e+00 4.267840625100223662e+00 4.307793647617679689e+00 5.267881065533201124e+00 5.307835171383607609e+00 6.267951080633890726e+00 6.302370455703523611e+00 6.307918190949854953e+00 7.268062747217403974e+00
6.000000000000000000e+00 2.305648421760947642e+00 3.305655294518566212e+00 4.305675291815568961e+00 4.357525868994605034e+00 5.305717844753942813e+00 5.357568135743356663e+00 6.305794842320487703e+00 6.356536200158938499e+00 6.357661116887984853e+00 7.305921489767445820e+00
7.000000000000000000e+00 2.339892980010701784e+00 3.339898274878817741e+00 4.339916405306260216e+00 4.403689230582445546e+00 5.339958281680281083e+00 5.403728761644551071e+00 6.340037926816536995e+00 6.403821022731792212e+00 6.408158546102556308e+00 7.340173471206253630e+00
8.000000000000000000e+00 2.371038983909118159e+00 3.371042725326828915e+00 4.371058015866018387e+00 4.446538378735907848e+00 5.371097068391278206e+00 5.446572718312599370e+00 6.371175665824260648e+00 6.446662100162749098e+00 6.457188857912697699e+00 7.371314597566147597e+00
9.000000000000000000e+00 2.399500645324020631e+00 3.399503260118503789e+00 4.399515273941410065e+00 4.486336018167833117e+00 5.399550045229275064e+00 5.486363858830298312e+00 6.399624684171431710e+00 6.486445985513809021e+00 6.503645801291628281e+00 7.399762341177061664e+00
1.000000000000000000e+01 2.425626467894921312e+00 3.425628701902566409e+00 4.425637475937811871e+00 4.523340935262169182e+00 5.425667162272942434e+00 5.523362076963366007e+00 6.425735732722973381e+00 6.523434067766855193e+00 6.547587958838730238e+00 7.425868390387927676e+00
1.100000000000000000e+01 2.449710394956539972e+00 3.449713228067305959e+00 4.449719191699425203e+00 4.557800350697435832e+00 5.449743566082852375e+00 5.557815566368703664e+00 6.449804705783006575e+00 6.557875839090583803e+00 6.589105787206491982e+00 7.449929561640448838e+00
1.200000000000000000e+01 2.472001137162358919e+00 3.472005706034243300e+00 4.472009597282388782e+00 4.589945486110650563e+00 5.472028917366643874e+00 5.589956345072613964e+00 6.472081925746620890e+00 6.590004470642049306e+00 6.628311233160982141e+00 7.472197028077786740e+00
1.300000000000000000e+01 2.492709900024826730e+00 3.492717432211709827e+00 4.492720219764510858e+00 4.619989403395985406e+00 5.492735134988866008e+00 5.619998085593647552e+00 6.492779875560432679e+00 6.620034615007841516e+00 6.665329289532531121e+00 7.492884026200924197e+00
1.400000000000000000e+01 2.512016748316485693e+00 3.512028508571185981e+00 4.512031323384570136e+00 4.648126377924439723e+00 5.512042788709027974e+00 5.648135498365184581e+00 6.512079591994182515e+00 6.648161780084558714e+00 6.700291368473780373e+00 7.512172241245551163e+00
1.500000000000000000e+01 2.530075831842200529e+00 3.530093079861763350e+00 4.530097157405771569e+00 4.674532255524534996e+00 5.530106356953853108e+00 5.674544708883855648e+00 6.530135930260735577e+00 6.674562712769811057e+00 6.733330313095961195e+00 7.530217074017847345e+00
1.600000000000000000e+01 2.547019671878090197e+00 3.547043630109134593e+00 4.547050262962441636e+00 4.699365400046521479e+00 5.547058544554628767e+00 5.699384229336455832e+00 6.547081891465436954e+00 6.699396386599977049e+00 6.764576801695093344e+00 7.547151975850691308e+00
1.700000000000000000e+01 2.562962678602371369e+00 3.562994508536251548e+00 4.563005008362589265e+00 4.722767960434369527e+00 5.563013828665125615e+00 5.722796249987946560e+00 6.563032179103643671e+00 6.722805313535510585e+00 6.794156881728236286e+00 7.563092014991154244e+00
1.800000000000000000e+01 2.578004041709845318e+00 3.578044827143441964e+00 4.578060494831674099e+00 4.744867276837772430e+00 5.578071374223824819e+00 5.744908067869117119e+00 6.578086124871957097e+00 6.744916994137148514e+00 6.822190386061090628e+00 7.578136812986774551e+00
1.900000000000000000e+01 2.592230111172105111e+00 3.592280847064806881e+00 4.592302949780687094e+00 4.765777310182742532e+00 5.592317435792737434e+00 5.765833536248210933e+00 6.592330100065288967e+00 6.765845387678647960e+00 6.848790015727787228e+00 7.592372966394187905e+00
2.000000000000000000e+01 2.605716363461657359e+00 3.605777949210418942e+00 4.605807703190563984e+00 4.785600024741042624e+00 5.605827341315606560e+00 5.785674464131014716e+00 6.605839507862419246e+00 6.785692330422706142e+00 6.874060910708583272e+00 7.605876048623273711e+00
