-2.000000000000000000e+01 -7.059261095147096654e+00 -5.911928386182332851e+00 -4.767353621077747405e+00 -3.622643284275832709e+00 -2.473896525769808008e+00 -1.332150239201208342e+00 -7.248207251907760051e-01 -1.521313293346168993e-01 3.671508783050571045e-01 9.403438249896736156e-01
-1.900000000000000000e+01 -6.148794867607747072e+00 -5.022661908597624958e+00 -3.898319310068139032e+00 -2.773141279895720679e+00 -1.643488283680362594e+00 -5.202831148927942184e-01 -2.665186076475863364e-01 6.399141549255954464e-01 8.157137542413139819e-01 1.391262015430432708e+00
-1.800000000000000000e+01 -5.259832307798605555e+00 -4.153628077472884428e+00 -3.048327590528929321e+00 -1.941589297371244749e+00 -8.300631202502656292e-01 1.849458207194819848e-01 2.756134840387508556e-01 1.257509786187428258e+00 1.416554936536842169e+00 1.798749133714429904e+00
-1.700000000000000000e+01 -4.394907912901206970e+00 -3.307180917135863929e+00 -2.219583073211530255e+00 -1.130063422986403054e+00 -3.558486779738833511e-02 6.293325215041326581e-01 1.053684134967729058e+00 1.692419261778042694e+00 2.176041029764971935e+00 2.198995762646043239e+00
-1.600000000000000000e+01 -3.556827230512238369e+00 -2.485945069790802542e+00 -1.414558864774925651e+00 -3.409036051777725729e-01 7.377268304052345682e-01 1.066406613769482536e+00 1.811817759682118112e+00 2.120333412692830155e+00 2.591647267567001922e+00 2.916386955066857745e+00
-1.500000000000000000e+01 -2.748648480229574087e+00 -1.692809971846423789e+00 -6.359992033475598827e-01 4.232779215600350198e-01 1.487295983531145671e+00 1.496017274090033711e+00 2.540343208277604958e+00 2.548431841841029222e+00 2.976324009291301032e+00 3.588542779472768451e+00
-1.400000000000000000e+01 -1.973630586406810883e+00 -9.308952419479306073e-01 1.131027362474619630e-01 1.159609634477312357e+00 1.917616425862542551e+00 2.210656252389579191e+00 2.954606103889658275e+00 3.258580100155713311e+00 3.352625288120943736e+00 3.994141563128490890e+00
-1.300000000000000000e+01 -1.235132810355279886e+00 -2.034717861366372171e-01 8.295670807326035456e-01 1.865009612781859394e+00 2.331157302098928685e+00 2.904551283785525850e+00 3.360661442250690190e+00 3.720114460211889185e+00 3.941640540643910118e+00 4.392706630843138171e+00
-1.200000000000000000e+01 -5.364520381649170444e-01 4.861780961053863148e-01 1.510147314169878241e+00 2.536288183365171811e+00 2.736078042691425072e+00 3.565977378785188279e+00 3.758886808168253157e+00 4.078363339399126097e+00 4.593826222739681775e+00 4.784119429254296563e+00
-1.100000000000000000e+01 1.194080327772597538e-01 1.134972969330228620e+00 2.151722988162206196e+00 3.131709469928931178e+00 3.170321142190626773e+00 4.148715579568757583e+00 4.191849094542445364e+00 4.426905555837789663e+00 5.167908759472540581e+00 5.212068050294420551e+00
-1.000000000000000000e+01 7.300221613384489938e-01 1.740311192837801446e+00 2.751565888160463214e+00 3.517090373929184999e+00 3.764299304342768604e+00 4.529257057728401925e+00 4.765273457430052595e+00 4.779328915590633109e+00 5.543272637124583291e+00 5.771437461765004606e+00
-9.000000000000000000e+00 1.293839774838417167e+00 2.300380364392896393e+00 3.307651680520920845e+00 3.890913135973318671e+00 4.316034173430278287e+00 4.899227059671949824e+00 5.092996928388951794e+00 5.326118066903321235e+00 5.908990847344726127e+00 6.097650766907289466e+00
-8.000000000000000000e+00 1.810419843029110964e+00 2.814426460417827069e+00 3.818951679831018353e+00 4.251543065744638916e+00 4.824261885767036517e+00 5.256952054476923486e+00 5.409613212012211569e+00 5.830761464979786091e+00 6.263405195867592923e+00 6.413009160303262846e+00
-7.000000000000000000e+00 2.280526641408278987e+00 3.282896352225512349e+00 4.285615328716064099e+00 4.597146421763223856e+00 5.288857406580445009e+00 5.600493085285402906e+00 5.714678385076650713e+00 6.292884131104728773e+00 6.604524127126358835e+00 6.717057166505652432e+00
-6.000000000000000000e+00 2.706043739878721599e+00 3.707394792623627922e+00 4.708971253396257772e+00 4.925920197550834878e+00 5.710877802045640550e+00 5.927890216189672046e+00 6.007780728024497918e+00 6.713273684186675361e+00 6.930265854609464427e+00 7.009364420127941919e+00
-5.000000000000000000e+00 3.089728747736462555e+00 4.090463905068382644e+00 5.091338442907865414e+00 5.236362245386432690e+00 6.092410056372107086e+00 6.237463839296053081e+00 6.288555661916413797e+00 7.093769860420688467e+00 7.238782452176008242e+00 7.289542502911114497e+00
-4.000000000000000000e+00 3.434887457019862200e+00 4.435259968032110756e+00 5.435713418005584607e+00 5.527492001000283040e+00 6.436276579712945534e+00 6.528070073788089012e+00 6.556701593851971488e+00 7.436998065034004846e+00 7.528753379817744396e+00 7.557262671475272420e+00
-3.000000000000000000e+00 3.745058426289705977e+00 4.745225521202592667e+00 5.745434526811959763e+00 5.798953899531280598e+00 6.745698063775856568e+00 6.799227397553870844e+00 6.811995683489188380e+00 7.746039571735702012e+00 7.799547067954324397e+00 7.812273373081250583e+00
-2.000000000000000000e+00 4.023768835819050871e+00 5.023828173370923800e+00 6.023904744430740088e+00 6.050990863291610289e+00 7.024003018114068908e+00 7.051095384356038664e+00 7.054308316760636188e+00 8.024132254493403948e+00 8.051216909892458418e+00 8.054416445445760075e+00
-1.000000000000000000e+00 4.274378738841251746e+00 5.274390550600279504e+00 6.274406331485041122e+00 6.284324820821901803e+00 7.274427006568067178e+00 7.283613245250513124e+00 7.284348277410770400e+00 8.274454705850272873e+00 8.283635314473094979e+00 8.284376410325078766e+00
0.000000000000000000e+00 4.499999999999991118e+00 5.499999999999997335e+00 6.500000000000009770e+00 6.500000000000045297e+00 7.499999999999981348e+00 7.500000000000000888e+00 7.500000000000025757e+00 8.499999999999978684e+00 8.500000000000012434e+00 8.500000000000044409e+00
1.000000000000000000e+00 4.703465410273573788e+00 5.703472698186484280e+00 6.699235036515670316e+00 6.703483237509793469e+00 7.699253097300786663e+00 7.703497732608487247e+00 7.703668011674653648e+00 8.693474083697793731e+00 8.699275784465688943e+00 8.703518033697216438e+00
2.000000000000000000e+00 4.887326158575777235e+00 5.887348622090073036e+00 6.883308309136819680e+00 6.887382629283671065e+00 7.883371156530855295e+00 7.887430977245824870e+00 7.894929082246988195e+00 8.875023128047535792e+00 8.883453066140850396e+00 8.887501253583472760e+00
3.000000000000000000e+00 5.053863167975753967e+00 6.053901526715905312e+00 7.053479008544293549e+00 7.053965406938491611e+00 8.053588183287150315e+00 8.054067400974023627e+00 8.074195642487069335e+00 9.045320415259444857e+00 9.053719836662065035e+00 9.054236164320588642e+00
4.000000000000000000e+00 5.205104407402430411e+00 6.205155308190097863e+00 7.205239492147564206e+00 7.210959126010261677e+00 8.205364634699535031e+00 8.211146877442308423e+00 8.241966508633643329e+00 9.205053699862853378e+00 9.205553569790968282e+00 9.211423314418231811e+00
5.000000000000000000e+00 5.342844501772305854e+00 6.342902803765964492e+00 7.343005194556790904e+00 7.356859196429111236e+00 8.343163680590629738e+00 8.357102795903317727e+00 8.398809235978442089e+00 9.343413029268413439e+00 9.354898837119804966e+00 9.357491198312164471e+00
6.000000000000000000e+00 5.468665080984839832e+00 6.468725424382883560e+00 7.468838499996730995e+00 7.492217248391725093e+00 8.469020673904600116e+00 8.492504846091188497e+00 8.545340610343840737e+00 9.469318679305311903e+00 9.492932526174483243e+00 9.495602622548499738e+00
7.000000000000000000e+00 5.583955155921687563e+00 6.584012931439838567e+00 7.584129364921307292e+00 7.617980386985707675e+00 8.584325156320977257e+00 8.618296359542767959e+00 8.682207122038029468e+00 9.584658646702646223e+00 9.618813825289549868e+00 9.627677477505784509e+00
8.000000000000000000e+00 5.689931072758612984e+00 6.689982929079687501e+00 7.690096404295401200e+00 7.735013203641161184e+00 8.690296328356037492e+00 8.735341003048851860e+00 8.810066832763970623e+00 9.690651740248878099e+00 9.735913597977978284e+00 9.751816287139382311e+00
9.000000000000000000e+00 5.787655670938935515e+00 6.787699695503798480e+00 7.787805367404899037e+00 7.844103087700584176e+00 8.788001287032473741e+00 8.844427231959699043e+00 8.929573648748341697e+00 9.788365830951788027e+00 9.845030720898643395e+00 9.868584450267416486e+00
1.000000000000000000e+01 5.878056323833506625e+00 6.878092013343025002e+00 7.878186672305212745e+00 7.945965816738210563e+00 8.878372202518347578e+00 8.946273187683909001e+00 9.041364555839804140e+00 9.878734646173047196e+00 9.946885330398179903e+00 9.978522127997468516e+00
1.100000000000000000e+01 5.961941618009919175e+00 6.961969728568544014e+00 7.962051766380683127e+00 8.041250988786808662e+00 8.962222404481938298e+00 9.041531524930698893e+00 9.146049962177089654e+00 9.962573501350840743e+00 1.004213274518254728e+01 1.008213460133770312e+01
1.200000000000000000e+01 6.040016520221039187e+00 7.040038860745201355e+00 8.040108119032638001e+00 8.130547194891370566e+00 9.040261190509600198e+00 9.130794109015123894e+00 9.244206982995034849e+00 1.004059383844281150e+01 1.013136826743237151e+01 1.017989241530399447e+01
1.300000000000000000e+01 6.112895972955357138e+00 7.112915183306392386e+00 8.112972743439565093e+00 8.214386936499336045e+00 9.113107237140193106e+00 9.214596599090345563e+00 9.336375305149836379e+00 1.011341645026659641e+01 1.021513138270784182e+01 1.027223253901750688e+01
1.400000000000000000e+01 6.181116936488188607e+00 7.181136275011655634e+00 8.181184229201655000e+00 8.293251309863119758e+00 9.181300575978125877e+00 9.293422925466364504e+00 9.423055174674535905e+00 1.018158333866385412e+01 1.029390987867066620e+01 1.035955985547420433e+01
1.500000000000000000e+01 6.245148952162828060e+00 7.245172105604115842e+00 8.245213333768173669e+00 8.367574467873719612e+00 9.245313165626583896e+00 9.367709645435377652e+00 9.504707034500901486e+00 1.024556822046613291e+01 1.036814394070940004e+01 1.044224879188430144e+01
1.600000000000000000e+01 6.305403338138268587e+00 7.305434259281299525e+00 8.305472225388022878e+00 8.437747854872313269e+00 9.305558138672122226e+00 9.437850144910438388e+00 9.581752374072127765e+00 1.030578574535112502e+01 1.043823019179947842e+01 1.052064501159284049e+01
1.700000000000000000e+01 6.362241148190301843e+00 7.362283921951248367e+00 8.362322496234463998e+00 8.504124201096781022e+00 9.362397832495652494e+00 9.504198647407493539e+00 9.654575414201936212e+00 1.036259952211596769e+01 1.050452561983248501e+01 1.059506712847765897e+01
1.800000000000000000e+01 6.415980030524210953e+00 7.416038766679576177e+00 8.416082075478643176e+00 8.567021261529271570e+00 9.416150726886000299e+00 9.567073995251172747e+00 9.723525321674673094e+00 1.041632906709919837e+01 1.056735133578695240e+01 1.066580842069723367e+01
1.900000000000000000e+01 6.466900120993714474e+00 7.466978870500502019e+00 8.467031172766711578e+00 8.626725287085248439e+00 9.467097414476029371e+00 9.626763176524454124e+00 9.788918717486067678e+00 1.046725579414749596e+01 1.062699611687775381e+01 1.073313852665902957e+01
2.000000000000000000e+01 6.515249096982963728e+00 7.515351788441708258e+00 8.515417376511322800e+00 8.683494221905572630e+00 9.515485725692737873e+00 9.683524581843505175e+00 9.851042304152535678e+00 1.051562816328545757e+01 1.068371970326941778e+01 1.079730510825592127e+01
