-2.000000000000000000e+01 -1.219354207359671705e+01 -1.092293157734231279e+01 -9.665179553110565536e+00 -8.410437156938426639e+00 -7.189059941387615282e+00 -5.878488664703972688e+00 -5.338300749058611849e+00 -4.776971143283191168e+00 -4.173982195440363974e+00 -3.612288744257553308e+00
-1.900000000000000000e+01 -1.067616264349115163e+01 -9.440646158868368332e+00 -8.216469077540793364e+00 -6.993669666360240456e+00 -5.802314798934060214e+00 -4.524451523357458704e+00 -4.335918772016080780e+00 -3.440114666495779794e+00 -3.179988984036600019e+00 -2.630055426950574482e+00
-1.800000000000000000e+01 -9.186088796255461375e+00 -7.984689430768460383e+00 -6.792950343668870516e+00 -5.600992653038938229e+00 -4.438167031114812922e+00 -3.346893593433206693e+00 -3.192800052655558218e+00 -2.201353916729878346e+00 -2.123683596964090370e+00 -1.663843094210755602e+00
-1.700000000000000000e+01 -7.727551307004347336e+00 -6.558912447481239028e+00 -5.398134896766473290e+00 -4.235654841431354178e+00 -3.099598771076593540e+00 -2.372085643789831444e+00 -1.886323886572679909e+00 -1.238874090982297282e+00 -8.305038095515052676e-01 -7.153228231912660551e-01
-1.600000000000000000e+01 -6.305480671815222316e+00 -5.167782399644423208e+00 -4.036094836878873160e+00 -2.901424653667509901e+00 -1.790101436183241468e+00 -1.412485451255512059e+00 -6.082374828666092803e-01 -2.933661268781778686e-01 2.136693377624311052e-01 4.359928376655592963e-01
-1.500000000000000000e+01 -4.925541820959455919e+00 -3.816426237297735558e+00 -2.711517594615735050e+00 -1.602647885143323458e+00 -5.138620953127492896e-01 -4.691601524080407093e-01 6.328011712673414779e-01 6.392608540298526654e-01 1.121146345501877084e+00 1.668562434119611249e+00
-1.400000000000000000e+01 -3.594090832193051366e+00 -2.510620667096153280e+00 -1.429722852154703849e+00 -3.442758850331355536e-01 4.559622983668790708e-01 7.248733210327670262e-01 1.542977430616205625e+00 1.847604201383317157e+00 2.004995193941825793e+00 2.626904440968806931e+00
-1.300000000000000000e+01 -2.317994865183446329e+00 -1.256681170366499067e+00 -1.966003234592532123e-01 8.681711132286320520e-01 1.361477046196355678e+00 1.920281282261268263e+00 2.431606712991714936e+00 2.863001157662171003e+00 3.016370057828017703e+00 3.500533684508616794e+00
-1.200000000000000000e+01 -1.104251242916233000e+00 -6.118947578262698417e-02 9.815897496429828450e-01 2.028757117624484074e+00 2.244658429822694146e+00 3.066747017297612565e+00 3.298400676138325771e+00 3.692948309675458951e+00 4.138957314277456057e+00 4.352348681380768802e+00
-1.100000000000000000e+01 4.062680297813403563e-02 1.069492288513733458e+00 2.098613740440839592e+00 3.102241628633257253e+00 3.131458200696755956e+00 4.141037831168016936e+00 4.158224029957817258e+00 4.492637814901718762e+00 5.181095270330197344e+00 5.209934449593279560e+00
-1.000000000000000000e+01 1.111397745841588680e+00 2.129913919359787577e+00 3.148880500382937875e+00 3.930208014475378153e+00 4.170697942825162485e+00 4.956388719505556928e+00 5.188954100158234439e+00 5.260031151734325228e+00 5.984369594465752229e+00 6.223985248841098716e+00
-9.000000000000000000e+00 2.104856820585481625e+00 3.116309600215160902e+00 4.128195163171377580e+00 4.724077914994278871e+00 5.142043329794525164e+00 5.740558936425986580e+00 5.993351839175974582e+00 6.154156809025739250e+00 6.758816505615262038e+00 7.004964923404184418e+00
-8.000000000000000000e+00 3.020298686231488006e+00 4.027198922763655098e+00 5.034435661788511318e+00 5.479518027762942722e+00 6.042891391146429925e+00 6.489283132510564656e+00 6.691206839498954118e+00 7.050761407498743694e+00 7.500400639838017192e+00 7.698998590558541188e+00
-7.000000000000000000e+00 3.859482053159516646e+00 4.863558655738066783e+00 5.867877948951914391e+00 6.193077948017552181e+00 6.872893329859071088e+00 7.198649567929741977e+00 7.352692216257405100e+00 7.877917719958325016e+00 8.205036601740742341e+00 8.357703233815463761e+00
-6.000000000000000000e+00 4.626135533948650291e+00 5.628489687853376999e+00 6.631017479452264496e+00 6.862721533970067789e+00 7.633924897466216386e+00 7.865868674001118777e+00 7.977463109940578612e+00 8.637059825408876179e+00 8.869415103018514657e+00 8.980540205952539878e+00
-5.000000000000000000e+00 5.325244668467023601e+00 6.326553064333549692e+00 7.327983585979022330e+00 7.487939013033697577e+00 8.329620460317279651e+00 8.489711401604855823e+00 8.565751358069780608e+00 9.331496935077247201e+00 9.491658169835211822e+00 9.567542446154600810e+00
-4.000000000000000000e+00 5.962377715159055569e+00 6.963057997746688876e+00 7.963817776598516751e+00 8.069504089050694162e+00 8.964690174012011070e+00 9.070465205300202172e+00 9.118325290878827261e+00 9.965732375389428910e+00 1.007151121835876317e+01 1.011929728156614949e+01
-3.000000000000000000e+00 6.543187544771517317e+00 7.543502556875696818e+00 8.543861955424038257e+00 8.609097850638338656e+00 9.544279458526720106e+00 9.609563057275730458e+00 9.636400501367138105e+00 1.054478784800306990e+01 1.061007843500956049e+01 1.063687314998772848e+01
-2.000000000000000000e+00 7.073104190646576583e+00 8.073221003850465038e+00 9.073356808967536935e+00 9.108971594601872113e+00 1.007351724254733938e+01 1.010914820961546390e+01 1.012152164405700994e+01 1.107371228604149493e+01 1.110935110457607777e+01 1.112170761537655750e+01
-1.000000000000000000e+00 7.557174715233466955e+00 8.557199416579743811e+00 9.557228596215310290e+00 9.571699132063422155e+00 1.055726373469786061e+01 1.057173636983956655e+01 1.057543907361159974e+01 1.155730562917758597e+01 1.157178082803214103e+01 1.157548122404282687e+01
0.000000000000000000e+00 7.999999999999928946e+00 9.000000000000019540e+00 9.999999999999985789e+00 1.000000000000003375e+01 1.100000000000001599e+01 1.100000000000003020e+01 1.100000000000004263e+01 1.200000000000005329e+01 1.200000000000006928e+01 1.200000000000009770e+01
1.000000000000000000e+00 8.405729267163611240e+00 9.405747511165785113e+00 1.039660842480425273e+01 1.040576974732816140e+01 1.139663412358059702e+01 1.139706617100927311e+01 1.140579768619602241e+01 1.238786355018393337e+01 1.239666546271165792e+01 1.239710314980997374e+01
2.000000000000000000e+00 8.778085370405230847e+00 9.778148471051100188e+00 1.076417726876794312e+01 1.077822697813075692e+01 1.176427023083648571e+01 1.176845501788464432e+01 1.177832813096169140e+01 1.275026940892575844e+01 1.276438036021699141e+01 1.276859173581641649e+01
3.000000000000000000e+00 9.120403311114003486e+00 1.012052563765828417e+01 1.110521436721306188e+01 1.112068190562137282e+01 1.210540690465215796e+01 1.211591381574364945e+01 1.212088940662902736e+01 1.308910096163092973e+01 1.310562440347001179e+01 1.311620138535455027e+01
4.000000000000000000e+00 9.435671440453099024e+00 1.043585724508380430e+01 1.142204793249805839e+01 1.143610266492535565e+01 1.242237286419985942e+01 1.243643913609060547e+01 1.244110203084318833e+01 1.340618202858300378e+01 1.342272298363907446e+01 1.343676110966084991e+01
5.000000000000000000e+00 9.726569907315973040e+00 1.072681501987788266e+01 1.171681420292166642e+01 1.172715281541923815e+01 1.271730213096527606e+01 1.272763686684043982e+01 1.274558496951508957e+01 1.370323157460090080e+01 1.371781109442851765e+01 1.372808734373236028e+01
6.000000000000000000e+00 9.995504312864536445e+00 1.099579812304574133e+01 1.199145502873950342e+01 1.199623069212774595e+01 1.299210905084687617e+01 1.299689286783356224e+01 1.303084236972675747e+01 1.398183686552896710e+01 1.399277104373693525e+01 1.399751774194929332e+01
7.000000000000000000e+00 1.024463447522876436e+01 1.124496226105574692e+01 1.224539949134545402e+01 1.224782824120287827e+01 1.324601934119431768e+01 1.324888175730590767e+01 1.329826676238767824e+01 1.424343242368326123e+01 1.424650427919495854e+01 1.425006757780779587e+01
8.000000000000000000e+00 1.047589906949261263e+01 1.147624439453406708e+01 1.247676751167542619e+01 1.248736650875011911e+01 1.347759065568556558e+01 1.348856186585842032e+01 1.354916902135742340e+01 1.447823955217167402e+01 1.448896924209507375e+01 1.449038735221216001e+01
9.000000000000000000e+00 1.069103710053865264e+01 1.169138394768149602e+01 1.269194396936909719e+01 1.271165718565604763e+01 1.369288099389504332e+01 1.371304694201895735e+01 1.378478109148902497e+01 1.469361853969071596e+01 1.471456027126174426e+01 1.472108628813872322e+01
1.000000000000000000e+01 1.089160703003414987e+01 1.189194144152910582e+01 1.289251553801845951e+01 1.292199767382558306e+01 1.389353440608411283e+01 1.392355627382351102e+01 1.400625812378736512e+01 1.489433073783527917e+01 1.492540024312064695e+01 1.493923072096217020e+01
1.100000000000000000e+01 1.107900413855458588e+01 1.207931527603393818e+01 1.307988412734688310e+01 1.311958625316658811e+01 1.408095635574110105e+01 1.412127047347478914e+01 1.421468014448249484e+01 1.508178907769520016e+01 1.512340469281105193e+01 1.514507665148257054e+01
1.200000000000000000e+01 1.125447647846790744e+01 1.225475713560362934e+01 1.325530472996134534e+01 1.330551020501512127e+01 1.425640329352962254e+01 1.430726879390590689e+01 1.441105362542819712e+01 1.525725258486405878e+01 1.530965384346973046e+01 1.533954281454616364e+01
1.300000000000000000e+01 1.141913960799284133e+01 1.241938627897405389e+01 1.341990038036088251e+01 1.348075472426562449e+01 1.442100047721105582e+01 1.448253475241965305e+01 1.459631326563717657e+01 1.542184868306060963e+01 1.548512101850473499e+01 1.552349246535522909e+01
1.400000000000000000e+01 1.157399019597295542e+01 1.257420282839388115e+01 1.357467521025066404e+01 1.364621198140124747e+01 1.457575520313350737e+01 1.464796372041022288e+01 1.477132417474919279e+01 1.557658709330288005e+01 1.565069379186608600e+01 1.569772517117945121e+01
1.500000000000000000e+01 1.171991853699662656e+01 1.272010009210836401e+01 1.372052647605318221e+01 1.380268963608402366e+01 1.472156857772751515e+01 1.480437000724123564e+01 1.493688452914983067e+01 1.572237163696316919e+01 1.580718287066890326e+01 1.586297892466174453e+01
1.600000000000000000e+01 1.185772000026114803e+01 1.285787592161233306e+01 1.385825568458777468e+01 1.395091874778328567e+01 1.485924632054292260e+01 1.495249338881644618e+01 1.509372867798203721e+01 1.586001092513730448e+01 1.595532858856707392e+01 1.601993307331327898e+01
1.700000000000000000e+01 1.198810543811250540e+01 1.298824310251845660e+01 1.398857883438804528e+01 1.409156108896142179e+01 1.498950871426717590e+01 1.509300522116281584e+01 1.524253061710488488e+01 1.599022817195421453e+01 1.609580637112195944e+01 1.616921141231284764e+01
1.800000000000000000e+01 1.211171059089390489e+01 1.311183879013520759e+01 1.411213577512343420e+01 1.422521587273988253e+01 1.511299973423555087e+01 1.522651423152344741e+01 1.538390772074845536e+01 1.611367020253849347e+01 1.622923164676570451e+01 1.631138545451518596e+01
1.900000000000000000e+01 1.222910453704062483e+01 1.322923301784273953e+01 1.422949869678303259e+01 1.435242591072437968e+01 1.523029537401662381e+01 1.535357201986126441e+01 1.551842461530088713e+01 1.623091568392796802e+01 1.635616443267549514e+01 1.644697788431502872e+01
2.000000000000000000e+01 1.234079724782575305e+01 1.334093632231086879e+01 1.434117977556025814e+01 1.447368322217462833e+01 1.534191118801614451e+01 1.547467826633290855e+01 1.564659708894286894e+01 1.634248260140618569e+01 1.647711370506750583e+01 1.657646614001816232e+01
