-2.000000000000000000e+01 -1.733003179593508492e+01 -1.594649264065589911e+01 -1.457756781844431870e+01 -1.325604441480050610e+01 -1.182912777467510246e+01 -1.069472915052601003e+01 -1.015040149636551625e+01 -9.117836542429374802e+00 -8.977524248362298565e+00 -8.451362349635369142e+00
-1.900000000000000000e+01 -1.519241056169699355e+01 -1.385376857367141490e+01 -1.252819220821675295e+01 -1.124821251862622162e+01 -9.864297665603650955e+00 -8.753493648704729679e+00 -8.559423874132773946e+00 -7.386939214754658423e+00 -7.249695225137218202e+00 -6.868495340963058915e+00
-1.800000000000000000e+01 -1.308406239694244988e+01 -1.179004760417954500e+01 -1.050728570980805898e+01 -9.267606864804159628e+00 -7.926992700822053095e+00 -6.988096566578402502e+00 -6.837058433316404837e+00 -5.817603104194525976e+00 -5.404973934210553388e+00 -5.305946557298454991e+00
-1.700000000000000000e+01 -1.101019089422113417e+01 -9.760147955090214822e+00 -8.519287112799361239e+00 -7.318200667753090194e+00 -6.020985338586917202e+00 -5.437620958024371731e+00 -4.949129669739012805e+00 -4.271497009297398506e+00 -3.766088041075486892e+00 -3.586342728429308124e+00
-1.600000000000000000e+01 -8.977119853650021852e+00 -7.769838746151529030e+00 -6.569457723176923558e+00 -5.404709105154258175e+00 -4.150649988890185327e+00 -3.909281062477243385e+00 -3.094332396631630289e+00 -2.750419216365352693e+00 -2.251785519721178019e+00 -1.797984956270767709e+00
-1.500000000000000000e+01 -6.992475246593477856e+00 -5.825983689446442959e+00 -4.664008466238476203e+00 -3.532735892518227949e+00 -2.404538903629132029e+00 -2.321049532444759755e+00 -1.288554715819876684e+00 -1.245714768697828267e+00 -7.664684982115845813e-01 -1.183087572305452084e-01
-1.400000000000000000e+01 -5.065293834839142306e+00 -3.936637246798060374e+00 -2.810200474793841163e+00 -1.708916623174692617e+00 -9.251651293112765906e-01 -5.380823162846589680e-01 2.038714387713233267e-01 4.987752679214448870e-01 6.858251849873651107e-01 1.334850538326622926e+00
-1.300000000000000000e+01 -3.205937827726415001e+00 -2.111013985013107774e+00 -1.016361550268948699e+00 5.899239957862482259e-02 5.263590631030078404e-01 1.191515225149622603e+00 1.636510920346001319e+00 2.100382591863103610e+00 2.220265428091003024e+00 2.748246876784753656e+00
-1.200000000000000000e+01 -1.425635307486831316e+00 -3.592040596979440559e-01 7.082838350991919052e-01 1.762181692773846953e+00 1.946382995448241671e+00 2.860118520041097678e+00 3.034464295351437801e+00 3.472227309924497796e+00 3.882846290830870739e+00 4.125049749734905014e+00
-1.100000000000000000e+01 2.645278263057759816e-01 1.308517796324849103e+00 2.354113402019757828e+00 3.329426346187806196e+00 3.391168838081262127e+00 4.394481773616602638e+00 4.459457808605597151e+00 4.795958677358674649e+00 5.463436021703406809e+00 5.477561819949552380e+00
-1.000000000000000000e+01 1.855145763517475066e+00 2.882866030214916719e+00 3.912047827929895583e+00 4.667808790635114669e+00 4.936643959338051779e+00 5.711494326493641083e+00 5.981178299288716360e+00 6.066478786685660651e+00 6.760149372426862868e+00 6.995600416729480742e+00
-9.000000000000000000e+00 3.340128396456076842e+00 4.357014278426833087e+00 5.374855953133620190e+00 5.952201473119784758e+00 6.390766732345937839e+00 6.978650737837464924e+00 7.279360124104728769e+00 7.417807343319213764e+00 8.010096715845127946e+00 8.298968475807333434e+00
-8.000000000000000000e+00 4.717673575994633772e+00 5.727813386500577586e+00 6.738419982033788003e+00 7.173474862485169190e+00 7.748556834534987559e+00 8.188114999275923012e+00 8.431327621107215009e+00 8.763932793619737538e+00 9.206620606582236022e+00 9.443808924117981007e+00
-7.000000000000000000e+00 5.990068627192948192e+00 6.996127876705317661e+00 8.002375061606089801e+00 8.325066141402000852e+00 9.008756571816849856e+00 9.332864507676154275e+00 9.520579258864284355e+00 1.001713838582938365e+01 1.034289540810941510e+01 1.052822279329522104e+01
-6.000000000000000000e+00 7.162567898947761691e+00 8.166137155523220059e+00 9.169799590418428181e+00 9.404288188168189677e+00 1.017372550882055293e+01 1.040857542116162016e+01 1.054686247952785116e+01 1.117827809391186733e+01 1.141379262391865801e+01 1.155138259138750634e+01
-5.000000000000000000e+00 8.242060607709271736e+00 9.244085425381387111e+00 1.024618536972842087e+01 1.041190030649712384e+01 1.124848913952585328e+01 1.141436651491175880e+01 1.151130401155162453e+01 1.225101685067206247e+01 1.241711071886813400e+01 1.251388362196371595e+01
-4.000000000000000000e+00 9.236043448248846488e+00 1.023711644641535656e+01 1.123825277738437656e+01 1.135077619036811392e+01 1.223950097896187472e+01 1.235215527810939307e+01 1.241608085250586591e+01 1.324090085557040730e+01 1.335361630817769019e+01 1.341747790326032330e+01
-3.000000000000000000e+00 1.015199145788403534e+01 1.115249842504333344e+01 1.215304770681450997e+01 1.222476499523453342e+01 1.315364357700740960e+01 1.322544139379137462e+01 1.326405335354177417e+01 1.415435770613346556e+01 1.422616512461020122e+01 1.426473719917160388e+01
-2.000000000000000000e+00 1.099701509702383184e+01 1.199720756517524123e+01 1.299742032051682727e+01 1.303808894440656019e+01 1.399764728727231677e+01 1.403834683337166567e+01 1.405845086845718583e+01 1.499793946146543533e+01 1.503863283193780553e+01 1.505872068635240169e+01
-1.000000000000000000e+00 1.177769106455222570e+01 1.277773285057229025e+01 1.377777985203100997e+01 1.379507549729918559e+01 1.477782937460343504e+01 1.479513100891684552e+01 1.480264457014898838e+01 1.577789655110813349e+01 1.579519407385081387e+01 1.580270514524088199e+01
0.000000000000000000e+00 1.249999999999995204e+01 1.349999999999992006e+01 1.449999999999992184e+01 1.450000000000005329e+01 1.550000000000005862e+01 1.550000000000007816e+01 1.550000000000015987e+01 1.649999999999991118e+01 1.650000000000003908e+01 1.650000000000005329e+01
1.000000000000000000e+00 1.316932949447379642e+01 1.416936215053039660e+01 1.515696752045416140e+01 1.516940013838499546e+01 1.615378603830325233e+01 1.615701299938195490e+01 1.616944036293773479e+01 1.714524120176551492e+01 1.715253325354033365e+01 1.715383633380777795e+01
2.000000000000000000e+00 1.379051214597628672e+01 1.479062902459751250e+01 1.576983969850618195e+01 1.579076713752469452e+01 1.676711782144107588e+01 1.677001272184690350e+01 1.679091551897336743e+01 1.775010099043628742e+01 1.776671148878087791e+01 1.776732738435629599e+01
3.000000000000000000e+00 1.436787806612185570e+01 1.536811516186689808e+01 1.634220765047615842e+01 1.636839884449353022e+01 1.734246531252605195e+01 1.734303674324049283e+01 1.736870851584870934e+01 1.831754100538224961e+01 1.834276583891124091e+01 1.834345436945044128e+01
4.000000000000000000e+00 1.490531035736941945e+01 1.590569364619140913e+01 1.687739281803843738e+01 1.690615598573083744e+01 1.787794449131605390e+01 1.788399606857777613e+01 1.790666684163029387e+01 1.885034945039447152e+01 1.887860758282847584e+01 1.888459096603657983e+01
5.000000000000000000e+00 1.540629831407918005e+01 1.640684765781102783e+01 1.737845594214849143e+01 1.740751348825490652e+01 1.837922477721946635e+01 1.839277675548618873e+01 1.840825260976833633e+01 1.935111571980953116e+01 1.938023043319091698e+01 1.939365765706530098e+01
6.000000000000000000e+00 1.587398613167078665e+01 1.687471685709874691e+01 1.784820480909599283e+01 1.787560662771746323e+01 1.884916020229896461e+01 1.887163625413406365e+01 1.887659140037508720e+01 1.982225312575966569e+01 1.985052059301611038e+01 1.987285325492969790e+01
7.000000000000000000e+00 1.631121605000554453e+01 1.731213816935798988e+01 1.828920102566491224e+01 1.831327098304610246e+01 1.929031007900010763e+01 1.931450095731682381e+01 1.932272802936440925e+01 2.026602753196435458e+01 2.029199573903565579e+01 2.031632465749746785e+01
8.000000000000000000e+00 1.672056540022272841e+01 1.772168138796292070e+01 1.870376901290234173e+01 1.872307748299015273e+01 1.970501670478458323e+01 1.972456500590346806e+01 1.974801358253275652e+01 2.068456794098663210e+01 2.070696093001304661e+01 2.072687156088346683e+01
9.000000000000000000e+00 1.710437754485048600e+01 1.810568003820894489e+01 1.909400631432784934e+01 1.910736692217949440e+01 2.009539965998903099e+01 2.010912901136163811e+01 2.014932608655498214e+01 2.107985721234794241e+01 2.109751206940610402e+01 2.111198635178610061e+01
1.000000000000000000e+01 1.746478722950179829e+01 1.846625782291818396e+01 1.946176144706515743e+01 1.946831809549599157e+01 2.046325707357028989e+01 2.047046169599849819e+01 2.052835544049943550e+01 2.145371199604501200e+01 2.146542941526716319e+01 2.147398803825277724e+01
1.100000000000000000e+01 1.780374125632030768e+01 1.880535097395177857e+01 1.980688359902313067e+01 1.980974332467452115e+01 2.080825089083249679e+01 2.081259127025303357e+01 2.088667223893723346e+01 2.180770580590024466e+01 2.181106146588627936e+01 2.181633705459369565e+01
1.200000000000000000e+01 1.812301555251479712e+01 1.912472695416931145e+01 2.012696262586248963e+01 2.013739037165084511e+01 2.112889192519659076e+01 2.114035376562930324e+01 2.122573894200935385e+01 2.213290012586087485e+01 2.214285911199513635e+01 2.214439521496980490e+01
1.300000000000000000e+01 1.842422965414361613e+01 1.942600009008027939e+01 2.042852466706252201e+01 2.044778351155646234e+01 2.143068592009560192e+01 2.145128097947298329e+01 2.154691916953565922e+01 2.243556409835893106e+01 2.245448249542278774e+01 2.246263289760402770e+01
1.400000000000000000e+01 1.870885943340692847e+01 1.971064478470156445e+01 2.071339104090909444e+01 2.074189534817010028e+01 2.171570059262981545e+01 2.174606700499040102e+01 2.185148494808283459e+01 2.272135644323639170e+01 2.274962878524112497e+01 2.276566362745802152e+01
1.500000000000000000e+01 1.897824865595443811e+01 1.998000693688707941e+01 2.098292644170264154e+01 2.102092364430338378e+01 2.198533788349550022e+01 2.202582741115790199e+01 2.214062236093510450e+01 2.299175007700701556e+01 2.302989546915381425e+01 2.305400616270372893e+01
1.600000000000000000e+01 1.923361972952332621e+01 2.023531409586689378e+01 2.123835935949434628e+01 2.128599120860983618e+01 2.224083579196499727e+01 2.229162543072870051e+01 2.241543606768788521e+01 2.324798604473314967e+01 2.329634700884788501e+01 2.332861401539994262e+01
1.700000000000000000e+01 1.947608383096281059e+01 2.047768474507594050e+01 2.148080774095741674e+01 2.153813702782447237e+01 2.248331646020946195e+01 2.254444789912925273e+01 2.267695310433344602e+01 2.349117599867567563e+01 2.354995449623720560e+01 2.359037908477728607e+01
1.800000000000000000e+01 1.970665048338388559e+01 2.070813697290970268e+01 2.171129048437581943e+01 2.177831918994571225e+01 2.271380190344686412e+01 2.278520955700712847e+01 2.292612630344623526e+01 2.372232845571957682e+01 2.379160630937527898e+01 2.384013359463196480e+01
1.900000000000000000e+01 1.992623659104978628e+01 2.092759667330519235e+01 2.193073620358639531e+01 2.200741906105421464e+01 2.293322385971391952e+01 2.301475966724392208e+01 2.316383759867089509e+01 2.394236206959149271e+01 2.402211808081387900e+01 2.407865801988868881e+01
2.000000000000000000e+01 2.013567491278965349e+01 2.113690533604401622e+01 2.213999091940279840e+01 2.222624566338166829e+01 2.314243176001592417e+01 2.323388758472416882e+01 2.339090139833668047e+01 2.415211503845579344e+01 2.424224166355060106e+01 2.430668677466763228e+01
